56
524 853
540 870
556 908
534 928
605 937
657 925
659 913
651 885
663 815
671 755
675 693
671 651
663 591
651 511
631 424
613 371
593 336
582 304
574 232
568 204
578 192
574 169
546 174
536 164
492 159
456 164
428 159
418 182
430 199
420 212
422 241
420 306
410 346
371 444
363 476
341 506
325 536
331 576
365 626
371 638
412 593
414 591
420 668
408 696
396 735
396 780
406 855
416 895
418 908
400 923
406 933
480 930
512 930
520 923
524 888
518 865